domain,gapless_seq
ABL1,WYHGPVSRNAAEYLLSINGSFLVRESESGQRSISLRYERVYHYRINTDKLYVSESRFNTLAELVHHHSTVALHYPA
ABL2,WYHGPVSRSAAEYLLSINGSFLVRESESGQLSISLRYERVYHYRINTDKVYVAESRFSTLAELVHHHSTVALHYPA
APS,WFHGTLSRVKAAQLVLNHGLFVIRQSETGEYVLTFNFQKAKHLRLSLHQCHVQHLWFQSVLDMLRHFHTHPLRSYV
BCAR3,WYHGRIPRQVSENLVQRDGDFLVRDSLSGNFVLTCQWKLAQHFKINRRQYQFEMESFDSIPGLVRCYVGNRIFQPI
BLK,WFFRSQGRKEAERQLLKAGSFLIRESETGAFSLSVKDVLIKHYKIRCEGYYIPRITFPSLQALVQHYSKKGLTLPC
BLNK,WYAGACDRKSAEEALHKDGSFLIRKSSGQPYTLVVFFNRVYNIPVRFTQYALGEEYFGSVAEIIRNHQHSPLKYAV
BMX,WFAGNISRSQSEQLLRKEGAFMVRNSSQGMYTVSLFSKTVKHYHVHTEKLYLENYCFDSIPKLIHYHQHNSLRHPV
BRDG1,IKLHEVSRKEATEMLQSLGNMILRPGSDRNYSITIRQERIKHYKVMSGNYTIKPVTLPNLFSVIDYFVKETGQEPS
BTK,WYSKHMTRSQAEQLLKKEGGFIVRDSSKGKYTVSVFAKVIRHYVVCSQQYYLEKHLFSTIPELINYHQHNSLKYPV
CRK,WYWGRLSRQEAVALLQRHGVFLVRDSSTGDYVLSVSENRVSHYIINSPRLRIGDQEFDSLPALLEFYKIHYLIEPV
CRKL,WYMGPVSRQEAQTRLQRHGMFLVRDSSTGDYVLSVSENRVSHYIINSNRFKIGDQEFDHLPALLEFYKIHYLIEPA
FER,WYHGAIPRIEAQELLKKQGDFLVRESHGGEYVLSVYSDQRRHFIIQYDMYRFEGTGFSNIPQLIDHHYTTKLLNPI
FES,WYHGAIPRAEVAELLVHSGDFLVRESQGQEYVLSVLWDLPRHFIIQSDLYRLEGEGFPSIPLLIDHLLSTQLHRAV
FGR,WYFGKIGRKDAERQLLPQGAFLIRESETGAYSLSIRDWHVKHYKIRKMGYYITRVQFNSVQELVQHYMEVNLIAPC
GRAP2,WFHEGLSRHQAENLLMEVGFFIIRASQSGDFSISVRHEDVQHFKVMRKNYFLWTEKFPSLNKLVDYYRTNSLRDRT
GRB10,WFHGRISREESHRIIKVDGLFLLRDSQSKAFVLTLCHHKIKNFQILPDQTFFGNTKFSDLIQLVDFYQLNKLKHHC
GRB14,WFHHKISRDEAQRLIIVDGVFLVRDSQSKTFVLSMSHGKIKHFQIIPDEMFHGHTRFTDLIQLVEFYQLNKLKHYC
GRB2,WFFGKIPRAKAEEMLSHDGAFLIRESESGDFSLSVKFGDVQHFKVLRAKYFLWVVKFNSLNELVDYHRSTSLRDIE
GRB7,WFHGRISREESQRLIGVDGLFLVRESQRQGFVLSLCHLKVKHYLILPERLYFGQTRFTDLLQLVEFHQLNRLRHCC
HCK,WFFKGISRKDAERQLLMLGSFMIRDSETGSYSLSVRDYTVKHYKIRTNGFYIPRSTFSTLQELVDHYKKGNLSVPC
HSH2D,WFHGTISREAAENMLEPLGTFLIRVSHSVGYTLSYKAQCCRHFMVKLDTCAFDHMTHASLHALVTFHQQKPLTQAC
INPPL1,WYHRDLSRAAAEELLARDGSFLVRDSESGAFALCVLYQHVHTYRILPEFLAVPVRRFQTLGELIGLYAQPNLLLPV
ITK,WYNKSISRDKAEKLLLKEGAFMVRDSRTGTYTVSVFTKCIKHYHIKEPRYYVEKYVFDSIPLLINYHQHNGLRYPV
LCK,WFFKNLSRKDAERQLLTHGSFLIRESESGSFSLSVRDFVVKHYKIRNNGFYIPRITFPGLHELVRHYTNASLSRPC
LCP2,WYVSYITRPEAEAALRQDGTFLVRDSSKNPYVLMVLYKKVYNIQIRYSVYLLGKEDFLSVSDIIDYFRKMPLTHAA
LNK,WFHGPISRVKAAQLVQAHGVFLVRQSETGEYVLTFNFQIAKHLRLSLRQCRVQHLHFPSVVDMLHHFQRSPLSSYV
LYN,WFFKDITRKDAERQLLSAGAFLIRESETGSFSLSVRDFVIKHYKIRSNGYYIPRITFPCISDMIKHYQKQALEKAC
MATK,WFHGKISGQEAVQQLQEDGLFLVRESARGDYVLCVSFGDVIHYRVLHDHLTIEAVFFCNLMDMVEHYSKDKLVRPK
NCK1,WYYGKVTRHQAEMALNHEGDFLIRDSESNDFSVSLKAQKNKHFKVQLEVYCIGQRKFSTMEELVEHYKKAPLVKHL
NCK2,WYYGNVTRHQAECALNVEGDFLIRDSESSDFSVSLKASKNKHFKVQLDVYCIGQRRFHTMDELVEHYKKAPLVRAL
PIK3R1-C,WNVGSSNRNKAENLLRRDGTFLVRESSKGCYACSVVVDEVKHCVINKTYGFAPYNLYSSLKELVLHYQHTSLAYPV
PIK3R1-N,WYWGDISREEVNEKLRADGTFLVRDASTGDYTLTLRKGNNKLIKIFHDKYGFDPLTFSSVVELINHYRNESLLYPV
PIK3R2-C,WYVGKINRTQAEEMLSRDGTFLIRESSQGCYACSVVVDDTKHCVIYRTFGFAPYNLYGSLKELVLHYQHASLAHPV
PIK3R2-N,WYWGDISREEVNEKLRPDGTFLVRDASSGEYTLTLRKGNNKLIKVFHDHYGFEPLTFCSVVDLINHYRHESLLYPV
PIK3R3-C,WFVEDINRVQAEDLLYPDGAFLIRESSKGCYACSVVADEVKHCVIYSRYGFAPYNLYSSLKELVLHYQQTSLAYPV
PIK3R3-N,WYWGDISREEVNDKLRPDGTFLVRDASTGDYTLTLRKGNNKLIKIYHDKYGFDPLTFNSVVELINHYHHESLMYPV
PLCG1-C,WYHASLTRAQAEHMLMRDGAFLVRKRNENSYAISFRAEKIKHCRVQQGTVMLGNSEFDSLVDLISYYEKHPLRYPI
PLCG1-N,WFHGKLGRHIAERLLTPDGSFLVRESETGDYTLSFWRNKVQHCRIHSTKFFLDNLVFDSLYDLITHYQQVPLSEPV
PLCG2-C,WYYDSLSRGEAEDMLMRDGAFLIRKREGDSYAITFRARKVKHCRINRGHFVLTSAYFESLVELVSYYEKHSLRYPV
PLCG2-N,WFHKKVKRTSAEKLLQKDGTFLVRESETNDYTLSFWRSRVQHCRIRSTKYYLDNLTFSSIYALIQHYRETHLTDPV
PTK6,WFFGCISRSEAVRRLQATGAFLIRVSEKADYVLSVRDTAVRHYKIWRGRLHLEAVSFLSLPELVNYHRAQSLAAPC
PTPN11-C,WFHGHLSGKEAEKLLTKHGSFLVRESQSGDFVLSVRTGKVTHVMIRCEKYDVGGERFDSLTDLVEHYKKNPLKQPL
PTPN11-N,WFHPNITGVEAENLLLVDGSFLARPSKSGDFTLSVRRNAVTHIKIQNGYYDLGGEKFATLAELVQYYMEHHLKYPL
PTPN6-C,WYHGHMSGGQAETLLQEPWTFLVRESLSGDFVLSVLSDRVTHIKVMCGRYTVGLETFDSLTDLVEHFKKTGLRQPY
PTPN6-N,WFHRDLSGLDAETLLKVHGSFLARPSRKGDFSLSVRVGQVTHIRIQNGFYDLGGEKFATLTELVEYYTQQQLKYPL
RASA1-C,WFHGKISKQEAYNLLMQVCSFLVRPSDNGDYSLYFRTNNIQRFKICPNQFMMGGRYYNSIGDIIDHYRKEQLKEPV
RASA1-N,WYHGKLDRTIAEERLRKSGSYLIRESDRGSFVLSFLSQVVNHFRIIACDYYIGGRRFSSLSDLIGYYSHVSLLYPV
SH2B,WFHGMLSRLKAAQLVLSHGVFLVRQSETGEYVLTFNFQKAKHLRLSLEQCRVQHLWFQSIFDMLEHFRVHPLVSYV
SH2D1A,VYHGKISRETGEKLLLLDGSYLLRDSESGVYCLCVLYHYIYTYRVSQTSWSAHKRYFRKIKNLISAFQKPDLQYPV
SH2D1B,YYHGRLTKQDCETLLLVDGNFLLRDSESGVLCLCVSFKIVYTYRIFRHYYRIPKQVFPSLKELISKFEKPNLLKPI
SH2D2A,WFHGFITHREAERLLEPQGCYLVRFSESVTFVLTYRSRCCRHFLLAQDRHVVEDSAHARLQDLLLHYTAHPLTEPL
SH2D3A,WYHGLLSRQKAEALLQQNGDFLVRASGSGNPVISCRWRSALHFEVFRTLFQLEDEQFPSIPALVHSYMTGRVSRPV
SH2D3C,WYHGRIPREVSETLVQRNGDFLIRDSLTGDYVLTCRWRQALHFKINKHQYLFEQESFDHVPALVRYHVGSRIYCPV
SH3BP2,VFVNTTESCEVERLFKQDGLYCIRNSSTGKVLVVWDETKVRNYRIFEDKFYLGEVLFVSVGSMVEHYHTHVLRHPY
SHB,WYHGAISRGDAENLLRKECSYLVRNSQTHDYSLSLRSNGFMHMKLAKEKYVLNSPPFDSVPEVIHYYTTRKLLYPV
SHC1,WFHGKLSRREAEALLQLNGDFLVRESTTGQYVLTGLQSQPKHLLLVDEVVRTKDHRFESVSHLISYHMDNHLQQPV
SHC2,WYHGRMSRRAAERMLRADGDFLVRDSVTGQYVLTGMHAQPKHLLLVDEVVRTKDVLFESISHLIDHHLQNGLRGVV
SHC3,WYQGEMSRKEAEGLLEKDGDFLVRKSTTGSFVLTGMHNQAKHLLLVDETIRTKDRVFDSISHLINHHLESSLQQPV
SHC4,CYHGKLSRKAAESLLVKDGDFLVRESATGQYVLSGLQGQAKHLLLVDEKVRTKDHVFDNVGHLIRYHMDNSLKQPV
SHD,WFHGPLNRADAESLLSKEGSYLVRLSETQDCSLSLRSSGFLHLKFAREQVVLHSGPFPSVPELVLHYSSRPLLYPV
SHE,WYHGAISRAEAESRLQKEAGYLVRNSESSRYSIALKTSGCVHIIVAQDKYTLTSAVFDSIPEVVHYYSNEKLLYPV
SHF,WYHGAISRTDAENLLRKEASYLVRNSETNDFSLSLKSSGFMHMKLSREKYVLNSPPFSSVPEIVHHYASRKLLYPV
SLA,WLFEGLGRDKAEELLQKVGSFMIRESETGFYSLSVRHRQVKHYRIFRNWYYIPRLTFQCLEDLVNHYSEVALTTPC
SLA2,WLYEGLSREKAEELLLPGGAFLIRESQTGSYSLSVRLSRIRHYRIHCNWLYIPRLTFPSLQALVDHYSELALKEPC
SOCS1,FYWGPLSVHGAHERLRPVGTFLVRDSRQCFFALSVKMAGPTSIRVHFARFHLSRESFDCLFELLEHYVAAPRVRPL
SOCS2,WYWGSMTVNEAKEKLKPEGTFLIRDSSHYLLTISVKTSGPTNLRIEYDKFRLKLKQFDSVVHLIDYYVQMCLTKPL
SOCS3,FYWSAVTGGEANLLLSPAGTFLIRDSSDHFFTLSVKTQGTKNLRIQCGSFSLPVPRFDCVLKLVHHYMPPPLSRPL
SOCS5,CYWGVMDRYEAEALLEPEGTFLLRDSAQYLFSVSFRRYRSLHARIEQNNFSFDPCVFSTVTGLLEHYKDPSFFEPL
SOCS6,WYWGPITRWEAEGKLAPDGSFLVRDSSDYLLSLSFRSHKTLHTRIEHNRFSFDVEGHTSIVDLIEHSIRDSLTNPV
SRC,WYFGKITRRESERLLLPRGTFLVRESETGAYCLSVSDFNVKHYKIRKSGFYISRTQFNSLQQLVAYYSKHALTTVC
SUPT6H,YIKRVINFKQAEKMMEDQGDVIIRPSSKNHLTVTWKVSGIYHVDVREEAFSLNSEEFEDLDEIVARYVQPMLNHKY
SYK-C,WFHGKISREESEQIVLTNGKFLIRARDNGSYALCLLHEKVLHYRIDKTKLSIEGKKFDTLWQLVEHYSYKALTVPC
TEC,WYCRNMNRSKAEQLLRKEGGFMVRDSSQGLYTVSLYTKGFRHYHIKEPKYYLEKHAFGSIPEIIEYHKHNALRYPV
TENC1,WYKPHLSRDQAIALLKDPGAFLIRDSHSGAYGLALKVALVRHFLIETKVKIKSEPYFGSLSALVSQHSISPLRIPS
TNS1,WYKPEISREQAIALLKEPGAFIIRDSHSGAYGLAMKVSLVRHFLIETRVKLKNEPNFGSLSALVYQHSIIPLVIPN
TNS3,WYKADISREQAIAMLKEPGSFIVRDSHSGAYGLAMKVALVRHFLIECKVRLKNEPYFGSLTALVCQHSITPLLIPE
TNS4,WFKPNITREQAIELLREPGAFVIRDSSSGSFGLALKVQLIRHFLIESKVHLKEEPYFGSLSAFVCQHSIMALTIPQ
TXK,WYHRNITRNQAEHLLRKEGAFIVRDSRHGSYTISVFMGAIKHYQIKKSQWYVERHAFQSIPELIWYHQHNALRYPV
VAV1,WYAGPMERAGAESILASDGTFLVRQRVKAEFAISIKYNEVKHIKIMTELYRIEKKAFRGLTELVEFYQQNSLQFPF
VAV2,WFAGNMERQQTDNLLKASGTYLIRERPAERFAISIKFNEVKHIKVVEDWIHIEAKKFDSLLELVEYYQCHSLKYPY
VAV3,WYAGAMERLQAETELIVNSTYLVRHRTKGEYAISIKYNEAKHIKILTDFFHIENRKFKSLMELVEYYKHHSLQFPY
YES1,WYFGKMGRKDAERLLLQRGIFLVRESETGAYSLSIRDWNVKHYKIRKNGYYITRAQFDTLQKLVKHYTEHALTTVC
ZAP70-C,WYHSSLTREEAERKLYTDGKFLLRPRKEGTYALSLIYGTVYHYLISQAKYCIEGTKFDTLWQLVEYLKLKALKEAC
ZAP70-N,FFYGSISRAEAEEHLKADGLFLLRQCLRGGYVLSLVHDRFHHFPIERNTYAIGGKAHCGPAELCEFYSRDPLRKPC
